Class,Precision,Recall,F1-Score,Support
remera,0.4774957698815567,0.8709876543209877,0.6168306010928962,1620
pantalon,0.9807956104252401,0.8827160493827161,0.9291747888239117,1620
pullover,0.47276688453159044,0.6697530864197531,0.5542784163473818,1620
vestidos,0.7777777777777778,0.5660493827160494,0.6552340121471955,1620
camperas,0.33429394812680113,0.07160493827160494,0.11794611082867311,1620
sandalias,0.7266143633071817,0.7432098765432099,0.7348184314922185,1620
camisetas,0.384870603848706,0.35802469135802467,0.37096258394627435,1620
zapatillas,0.7954815695600476,0.825925925925926,0.8104179285281647,1620
bolsos,0.7876984126984127,0.7351851851851852,0.7605363984674328,1620
botas,0.8383084577114428,0.8320987654320988,0.8351920693928129,1620
